bgi	shared	ill	sample	sample_no
0.04668838219326819	0.9229098805646037	0.03040173724212812	V2A14B	1.0
0.04380883417813179	0.9167270094134685	0.03946415640839971	VYCU1M	2.0
0.0499001996007984	0.9156686626746507	0.0344311377245509	VGU4S7	3.0
0.051925320886814466	0.9121936989498249	0.03588098016336056	VHEUF9	4.0
0.03851321092700403	0.9113300492610837	0.050156739811912224	VFKVQQ	5.0
0.0520299566417028	0.9085534095388254	0.039416633819471816	VPXQ5M	6.0
0.04343182627269491	0.9085083659665362	0.04805980776076896	VMWY6J	7.0
0.05514096185737977	0.9083747927031509	0.03648424543946932	VWWX1X	8.0
0.04716507777220271	0.9081786251881585	0.044656297039638734	VN5HVM	9.0
0.03932584269662921	0.907951598962835	0.052722558340535866	V6RL47	10.0
0.037475976937860346	0.9077514413837284	0.05477258167841127	VBE2IN	11.0
0.05531385954008701	0.906152889993785	0.03853325046612803	VX4EUO	12.0
0.033662019721183274	0.9058143488609317	0.060523631417885075	VSCAXD	13.0
0.05566002256487401	0.905603610379842	0.03873636705528394	VPI3HC	14.0
0.058693244739756366	0.9053156146179402	0.03599114064230343	VOE87W	15.0
0.0462386200287494	0.9048873981792046	0.048873981792046	VNV45D	16.0
0.04959862385321101	0.9048165137614679	0.0455848623853211	V7IKOL	17.0
0.05178935117835322	0.9045679371544952	0.043642711667151585	VJ9PB6	18.0
0.0527411519777932	0.9038861901457321	0.04337265787647467	VNTV62	19.0
0.05416792055371652	0.9037014745711707	0.04213060487511285	V6DKWB	20.0
0.05179141539553033	0.9035118836466832	0.044696700957786446	VGMLUK	21.0
0.053432642487046635	0.9031735751295337	0.04339378238341969	VF1IDW	22.0
0.04765655769988184	0.9027176053564395	0.049625836943678614	VXJ3KK	23.0
0.05327181208053691	0.9026845637583892	0.044043624161073824	V8D7YS	24.0
0.060792349726775954	0.9023224043715847	0.036885245901639344	VPIK16	25.0
0.05218446601941747	0.9021035598705501	0.04571197411003236	V40FOF	26.0
0.04356120826709062	0.9020667726550079	0.05437201907790143	VTUQVL	27.0
0.04685610640870617	0.9020556227327691	0.05108827085852479	VDSI6K	28.0
0.04723225030084236	0.9019253910950662	0.050842358604091455	VHJS50	29.0
0.05833905284831846	0.9015099519560741	0.040150995195607414	VOLROE	30.0
0.05644481887110362	0.9011513619769728	0.042403819151923615	V51DMC	31.0
0.05652435357787132	0.9010823812387252	0.042393265183403486	VQK2TS	32.0
0.04295051353874883	0.9010270774976658	0.056022408963585436	VOSNBO	33.0
0.06527777777777778	0.9009259259259259	0.033796296296296297	V4X3XF	34.0
0.060524182653336936	0.9002972169683869	0.03917860037827614	VZ5RV3	35.0
0.05476730987514188	0.9001135073779796	0.045119182746878546	V228GG	36.0
0.060100814269096546	0.8999612252811167	0.03993796044978674	VP8AMJ	37.0
0.05357989568515884	0.8999525841631105	0.046467520151730675	VYZFIT	38.0
0.0442008486562942	0.8999292786421499	0.05586987270155587	VXRM5W	39.0
0.04721362229102167	0.8998968008255934	0.052889576883384935	VP6Y2S	40.0
0.048839625909248355	0.8998960859023207	0.051264288188430894	VL8KLM	41.0
0.049880525686977296	0.899641577060932	0.0504778972520908	V010T4	42.0
0.04205214465937763	0.8994953742640874	0.058452481076534904	VNDJYN	43.0
0.054608585858585856	0.8993055555555556	0.046085858585858584	VE4CJK	44.0
0.04835693294149078	0.8992786534865082	0.05236441357200107	VDYFS8	45.0
0.04424223407593348	0.8992783181675557	0.05647944775651083	VM9INH	46.0
0.05438529299119112	0.899272309459977	0.04634239754883186	V38PS1	47.0
0.04289118347895155	0.8991262907069102	0.05798252581413821	VR1CXM	48.0
0.04589371980676329	0.898852657004831	0.0552536231884058	VJAZQJ	49.0
0.050505050505050504	0.8987012987012987	0.050793650793650794	VJL8PR	50.0
0.06315789473684211	0.8983552631578947	0.03848684210526316	VYOWVQ	51.0
0.05106382978723404	0.89822695035461	0.050709219858156025	VOK6OK	52.0
0.05842588121680348	0.8981168517624336	0.04345726702076291	VYSCTF	53.0
0.04884402474763921	0.8980788016932595	0.05307717355910127	VCYQP6	54.0
0.057982740021574976	0.8980582524271845	0.04395900755124056	V56X8J	55.0
0.04945429740791269	0.8980218281036835	0.05252387448840382	V23DES	56.0
0.05054759898904802	0.8977815220443696	0.05167087896658242	VXLKFV	57.0
0.05007187350263536	0.8977000479156684	0.052228078581696216	VA1O8B	58.0
0.05217680292455965	0.8976404120970423	0.05018278497839814	V8WCPE	59.0
0.05828571428571429	0.8974285714285715	0.04428571428571428	VTFDDH	60.0
0.05143805309734513	0.8974004424778761	0.051161504424778764	VNUP14	61.0
0.06107156238291495	0.8973398276508056	0.041588609966279506	VUO5I7	62.0
0.05740343347639485	0.8972639484978541	0.04533261802575107	V4NQIN	63.0
0.05122422680412371	0.897229381443299	0.05154639175257732	VUSLFL	64.0
0.04878048780487805	0.8971232020012507	0.05409631019387117	VYJY1Q	65.0
0.05823529411764706	0.8970588235294118	0.04470588235294118	VWBH1L	66.0
0.05454545454545454	0.896969696969697	0.048484848484848485	V0WV71	67.0
0.05283466904125853	0.8967052537845058	0.05046007717423568	V32MIP	68.0
0.04350314825414997	0.8966800228963938	0.05981682884945621	V1TT57	69.0
0.05218247456514605	0.8966196258615031	0.05119789957335084	VI72RB	70.0
0.05697008274984087	0.8965626989178866	0.046467218332272436	VOL824	71.0
0.056890012642225034	0.8963337547408344	0.04677623261694058	V9LGD5	72.0
0.05354706684856753	0.8963165075034106	0.05013642564802183	V9Y37D	73.0
0.045584045584045586	0.8962962962962963	0.05811965811965812	VTETOY	74.0
0.04215068038499834	0.8961168270826418	0.061732492532359774	VTD3D4	75.0
0.06450626719657597	0.8960562519107307	0.03943748089269337	VCPI8B	76.0
0.05666342412451362	0.895671206225681	0.047665369649805445	VCOA77	77.0
0.06020157995096704	0.8953963497684555	0.0444020702805775	VQFR36	78.0
0.034409900392393604	0.8952610926652581	0.07032900694234832	VIE3LT	79.0
0.061112898037954326	0.8951431328401416	0.04374396912190415	V0XUBQ	80.0
0.06448345712356515	0.8950033760972316	0.04051316677920324	VQQ90U	81.0
0.04844173441734417	0.8949864498644986	0.056571815718157184	V2KKNM	82.0
0.06698756518251103	0.8949057360609707	0.03810669875651825	VC70I8	83.0
0.053431798436142486	0.894874022589053	0.051694178974804515	VM6LXC	84.0
0.048699501936912006	0.8948533480907581	0.05644714997232983	VAQXCB	85.0
0.051353874883286646	0.8948023653906007	0.05384375972611267	VFRA8A	86.0
0.05776598880047156	0.8947833775419982	0.04745063365753021	VRTOVG	87.0
0.05570433851098018	0.8947509373326191	0.04954472415640064	VFJPCF	88.0
0.06872427983539095	0.8946502057613168	0.03662551440329218	VS5F60	89.0
0.0630779392338177	0.8946499339498019	0.04227212681638045	V35YLP	90.0
0.05620915032679739	0.8943790849673202	0.04941176470588235	VPZGBE	91.0
0.061042326518859776	0.8943276706017852	0.04463000287935502	VYRK9P	92.0
0.052844160215415686	0.8943116795691687	0.052844160215415686	VVMH8R	93.0
0.051299826689774695	0.8942807625649913	0.054419410745233966	VUGP8W	94.0
0.04134672179562906	0.8942705256940343	0.06438275251033668	VLRI2K	95.0
0.05992141453831041	0.8942370661427635	0.045841519318926	V6HUPY	96.0
0.045424403183023876	0.8942307692307693	0.0603448275862069	VN3X88	97.0
0.04627696590118302	0.8942240779401531	0.059498956158663886	VMZQ3D	98.0
0.053229665071770335	0.8941387559808612	0.05263157894736842	VEPCIN	99.0
0.05960665658093797	0.8940998487140696	0.04629349470499244	VX5N7I	100.0
0.058080048149262715	0.8940716220282877	0.047848329822449596	VNIDA4	101.0
0.053165250753631134	0.8939435461770348	0.052891203069334064	VVEIXI	102.0
0.05131218174696436	0.8938503721112416	0.05483744614179397	V704VW	103.0
0.05136986301369863	0.8938356164383562	0.0547945205479452	VSULLW	104.0
0.06296166021807949	0.8937741822018994	0.043264157580021105	VOQGH9	105.0
0.052539912917271406	0.8937590711175617	0.05370101596516691	V42X50	106.0
0.051539708265802266	0.893679092382496	0.05478119935170178	VWJHOD	107.0
0.06416881998277348	0.8936261843238588	0.04220499569336779	VEU3OA	108.0
0.0583756345177665	0.8934010152284264	0.048223350253807105	VVK3XC	109.0
0.059098639455782316	0.89328231292517	0.047619047619047616	V44S08	110.0
0.06893491124260355	0.8931952662721894	0.0378698224852071	VSKHLT	111.0
0.057405903059842944	0.893040888166802	0.04955320877335499	VB6V0F	112.0
0.05003498950314905	0.8929321203638908	0.05703289013296011	V62ZVR	113.0
0.052361396303901436	0.8928815879534565	0.05475701574264202	V7Z87V	114.0
0.05475728155339806	0.8928155339805826	0.05242718446601942	V4RE1W	115.0
0.049983558040118385	0.8927984215718514	0.057218020388030255	VC0JXP	116.0
0.05350649350649351	0.8927272727272727	0.05376623376623377	VHUIRX	117.0
0.049545587804163	0.8927000879507476	0.05775432424508942	VWU26B	118.0
0.06755260243632337	0.8925802879291251	0.03986710963455149	V4CLBM	119.0
0.045442395081529	0.892542101042502	0.06201550387596899	V4LXO6	120.0
0.05080440304826418	0.8924640135478408	0.056731583403895	VDQ78F	121.0
0.057175205208038496	0.8924426832720068	0.05038211151995471	VE83OQ	122.0
0.05682154483575022	0.8922758212488902	0.050902633915359576	V23IHW	123.0
0.050686878256750355	0.8922311700615821	0.05708195168166746	VZDRC2	124.0
0.06320541760722348	0.8922121896162528	0.044582392776523705	VP2L0L	125.0
0.04946682464454976	0.8921800947867299	0.05835308056872038	VLPANX	126.0
0.03641758834637173	0.892096034529269	0.07148637712435932	V9EN4M	127.0
0.052340582381127904	0.8920014743826022	0.05565794323626981	VI7N13	128.0
0.06090979182729375	0.8918015934207145	0.047288614751991774	VAHF8S	129.0
0.06705882352941177	0.8917647058823529	0.041176470588235294	V57SFJ	130.0
0.06790123456790123	0.891358024691358	0.040740740740740744	VSH1WE	131.0
0.05241338466094166	0.8913236600533018	0.05626295528575659	VOLN58	132.0
0.06526583890480739	0.8911174785100286	0.04361668258516396	VL9SET	133.0
0.0626753975678204	0.8910196445275959	0.04630495790458372	V5NIUH	134.0
0.06318840579710144	0.8910144927536232	0.04579710144927536	VBJA3P	135.0
0.055462586660291656	0.8909873296677026	0.053550083672005734	VSXZII	136.0
0.05225576111652061	0.8909444985394352	0.05679974034404414	V43NBV	137.0
0.06348039215686274	0.8909313725490197	0.045588235294117645	V6SZC7	138.0
0.05660377358490566	0.8909090909090909	0.05248713550600343	VCTAHJ	139.0
0.05346820809248555	0.8908959537572254	0.05563583815028902	VM0N9D	140.0
0.06008444300097434	0.8908736602793115	0.04904189671971419	VM6FOP	141.0
0.06344510190664036	0.89086127547666	0.04569362261669954	VQO0S6	142.0
0.06432545201668985	0.8904728789986092	0.045201668984700974	VKEUWG	143.0
0.05903834449178332	0.8904443091905052	0.0505173463177115	VIJS2P	144.0
0.06568364611260054	0.8904155495978552	0.04390080428954424	VL3CQI	145.0
0.04534676941315945	0.890337877889745	0.06431535269709543	VFHHQN	146.0
0.06225930680359435	0.8902439024390244	0.04749679075738126	VWO9OM	147.0
0.04958066107548101	0.8902318697582634	0.06018746916625555	V26SW4	148.0
0.058279370952821465	0.8902251002158496	0.05149552883132902	VTWUM8	149.0
0.055381727158948686	0.8901752190237797	0.05444305381727159	V4HQPV	150.0
0.06493839835728953	0.8901437371663244	0.04491786447638604	VBBUAG	151.0
0.04752325873774202	0.8901181795323108	0.0623585617299472	VPEB3X	152.0
0.06017269293038316	0.8899082568807339	0.049919050188882895	V3NRFY	153.0
0.06649556696220252	0.8898740083994401	0.043630424638357444	V8IY68	154.0
0.0514030295505339	0.8897442264713186	0.058852743978147506	VUJA03	155.0
0.05386904761904762	0.8895833333333333	0.05654761904761905	V4UO31	156.0
0.06852857512283424	0.8895784846133954	0.04189294026377036	VO0KDF	157.0
0.05567386674779434	0.8895649528445391	0.05476118040766657	VKVAYI	158.0
0.06581298391899941	0.8895175699821323	0.04466944609886837	V9GL9Z	159.0
0.06031843233312921	0.88946723821188	0.05021432945499082	VU37VZ	160.0
0.05499664654594232	0.8893360160965795	0.055667337357478204	VJ8DAT	161.0
0.05900501349787891	0.889317392981103	0.051677593521018125	V6VKWU	162.0
0.07045009784735812	0.8892367906066536	0.04031311154598826	VBP6H9	163.0
0.05869485964272694	0.8891724389354722	0.052132701421800945	VN8TW5	164.0
0.05545229244114003	0.88909541511772	0.05545229244114003	VORW0X	165.0
0.06947953511874684	0.8890853966649823	0.04143506821627085	VY36ZZ	166.0
0.05047399436331027	0.8890596976684602	0.06046630796822957	VRRIOL	167.0
0.06349892008639309	0.8889848812095033	0.047516198704103674	V412BS	168.0
0.07335032568677428	0.8889832908524498	0.037666383460775985	V0W7HW	169.0
0.05962059620596206	0.8888888888888888	0.051490514905149054	VV8Z54	170.0
0.049533799533799536	0.8886946386946387	0.06177156177156177	V3OM5L	171.0
0.047104710471047105	0.8886888688868887	0.06420642064206421	VIVMS4	172.0
0.05512679162072767	0.8886438809261301	0.05622932745314223	V1WZON	173.0
0.05210745715609078	0.8886058360352015	0.059286706808707734	VX2W7U	174.0
0.05157297576070139	0.888602372356885	0.059824651882413614	V1PK1B	175.0
0.06591173054587689	0.8885017421602788	0.04558652729384437	V4T8FP	176.0
0.05591013530763339	0.8884350268062292	0.05565483788613735	VSIMJ7	177.0
0.06324582338902147	0.8882259347653142	0.04852824184566428	VA2M1E	178.0
0.05481120584652863	0.8881851400730816	0.057003654080389765	VFRTH4	179.0
0.06821908822564775	0.8881600524762218	0.04362085929813053	VR5Y26	180.0
0.06863572433192687	0.8880450070323488	0.043319268635724335	VFN61K	181.0
0.05735745988391942	0.8880163878456812	0.05462615227039946	VHR2QB	182.0
0.05417276720351391	0.8879941434846267	0.057833089311859445	VHVY0M	183.0
0.05225225225225225	0.887987987987988	0.05975975975975976	VJLSQM	184.0
0.057304785894206546	0.8879093198992444	0.05478589420654912	VT40XO	185.0
0.058088483620398514	0.8878757176629517	0.05403579871664978	VOP1SN	186.0
0.061330561330561334	0.8877338877338877	0.05093555093555094	VVAE9L	187.0
0.05688622754491018	0.8875582168995343	0.05555555555555555	VB0MJV	188.0
0.0673992673992674	0.8875457875457875	0.045054945054945054	VD6YPU	189.0
0.06590337894442894	0.8874616029042167	0.04663501815135437	VFA7TX	190.0
0.05613836121349589	0.8874397504961724	0.05642188829033173	VCMFXW	191.0
0.06605850896508336	0.8873859704309531	0.04655552060396351	VAULOV	192.0
0.05727204220045215	0.8873398643556896	0.055388093443858324	VBZB4B	193.0
0.055751864939144094	0.8873184138201806	0.0569297212406753	VZOC83	194.0
0.06993183539510224	0.8871497096692754	0.04291845493562232	VTFFPJ	195.0
0.06083858591394903	0.8870923540696081	0.05206906001644286	VFNMNC	196.0
0.06813104988830976	0.8868205510052122	0.04504839910647804	VJJOTE	197.0
0.05706438815990235	0.8867866951480012	0.05614891669209643	VS618I	198.0
0.05809802012333658	0.8867250892567349	0.055176890619928594	VBT3M8	199.0
0.06593406593406594	0.8866758241758241	0.04739010989010989	VQ6PWW	200.0
0.0497131931166348	0.8866429937175635	0.0636438131658017	VJCXCZ	201.0
0.06918068366793272	0.8865979381443299	0.04422137818773739	V04YHL	202.0
0.056081081081081084	0.8864864864864865	0.057432432432432436	V6V27N	203.0
0.07261768082663606	0.886337543053961	0.041044776119402986	VREV0N	204.0
0.058707449432659105	0.886285150468673	0.05500740009866798	VHRRQX	205.0
0.05433491686460808	0.8862826603325415	0.05938242280285035	VTCFL1	206.0
0.06165137614678899	0.8862385321100917	0.052110091743119265	VGHLVX	207.0
0.05779334500875657	0.8861646234676007	0.05604203152364273	VYS7CL	208.0
0.07177898270074877	0.8861347792408986	0.042086238058352696	V0YSOI	209.0
0.0459499263622975	0.8860088365243004	0.06804123711340206	VOMVLT	210.0
0.06649534211371667	0.8859620944426598	0.047542563443623516	VI9R2T	211.0
0.07128309572301425	0.8859470468431772	0.04276985743380855	VF2UIE	212.0
0.05532139093782929	0.8859325605900948	0.05874604847207587	V0LIS3	213.0
0.05212702216896345	0.8858597962852007	0.06201318154583583	VMU8O5	214.0
0.0657855211775308	0.885851607089216	0.04836287173325323	VNS89H	215.0
0.0784438775510204	0.8858418367346939	0.03571428571428571	VM11NF	216.0
0.0666235446313066	0.8858344113842174	0.04754204398447607	VMBNA8	217.0
0.06123096446700508	0.8857868020304569	0.05298223350253807	VODRSB	218.0
0.053368044256426946	0.8857793686950862	0.06085258704848682	VAPK0E	219.0
0.05470521541950114	0.8857709750566893	0.05952380952380952	V3M9D5	220.0
0.06751282743721307	0.8857682959762355	0.046718876586551446	VPOVJ1	221.0
0.056731583403895	0.8856900931414056	0.057578323454699404	VBOMPV	222.0
0.06158005407029138	0.885551216581556	0.0528687293481526	V8EITX	223.0
0.057989049278247884	0.885515181682429	0.056495769039323046	VA0W2A	224.0
0.05503222607833416	0.8854734754586019	0.059494298463063956	V7VDAG	225.0
0.06304034582132564	0.8854466858789626	0.05151296829971182	VUD8XW	226.0
0.0619205298013245	0.885430463576159	0.05264900662251656	V8Q521	227.0
0.05829118977907905	0.8852808091562416	0.05642800106467927	VJQRBF	228.0
0.06148409893992933	0.8852767962308599	0.053239104829210834	VE8VBP	229.0
0.06227390180878553	0.8852713178294573	0.0524547803617571	VJ6935	230.0
0.0674246430460074	0.8852459016393442	0.047329455314648335	V2906Q	231.0
0.06937939110070257	0.8852459016393442	0.04537470725995316	V840ET	232.0
0.054786783394521324	0.8850607173114939	0.06015249929398475	VFEW39	233.0
0.06029619181946404	0.885049365303244	0.05465444287729196	V83E8E	234.0
0.052886734244160426	0.8849713530189511	0.062141912736888495	V9Z3VE	235.0
0.06639105058365759	0.8849708171206225	0.048638132295719845	VOHZH4	236.0
0.06497341996455995	0.8848198464264619	0.05020673360897814	VRUZFG	237.0
0.07147024504084014	0.8847724620770129	0.043757292882147025	V03ZU2	238.0
0.071007371007371	0.8847665847665848	0.044226044226044224	V10WZV	239.0
0.08111050626020685	0.884594447468699	0.03429504627109418	VP5ZAB	240.0
0.05921052631578947	0.8845693779904307	0.056220095693779906	V0SVA4	241.0
0.06341873162536749	0.884502309953801	0.052078958420831586	VQXAO9	242.0
0.06493506493506493	0.8843537414965986	0.05071119356833643	V41WWG	243.0
0.07528461255967683	0.884318766066838	0.040396621373485125	VBWFXL	244.0
0.06369426751592357	0.8842887473460722	0.05201698513800425	VD5OV9	245.0
0.062348178137651825	0.8842105263157894	0.05344129554655871	VB4LUH	246.0
0.04580432392817882	0.8842066691095639	0.06998900696225724	V2O8PG	247.0
0.0672316384180791	0.884180790960452	0.04858757062146893	VMSK1H	248.0
0.057408044001375044	0.8841526297696803	0.058439326228944655	VHMPAT	249.0
0.06663098742306663	0.8841316564088841	0.04923735616804924	VBQPVU	250.0
0.051738525730180805	0.8840055632823366	0.06425591098748261	VS8CIG	251.0
0.06637168141592921	0.8838495575221239	0.049778761061946904	VI7R7J	252.0
0.06992230854605994	0.8838327783943766	0.04624491305956345	VWNFTU	253.0
0.053979871912168347	0.8838060384263495	0.06221408966148216	V89RUE	254.0
0.06307297396406307	0.8837550421708837	0.053171983865053174	V6QVQM	255.0
0.06008192990441511	0.8837050523441056	0.05621301775147929	VNGRZW	256.0
0.06296493092454836	0.8836344314558979	0.053400637619553666	VQ6TOF	257.0
0.06565064478311841	0.8835482610394686	0.050801094177413054	VC81G5	258.0
0.06447613143211407	0.8834469931804092	0.052076875387476754	VH158F	259.0
0.05115747356387539	0.8833952557873678	0.06544727064875679	VON1OO	260.0
0.07117595048629531	0.883289124668435	0.04553492484526967	V06SEH	261.0
0.0707070707070707	0.8832772166105499	0.04601571268237935	VUUOIT	262.0
0.06726907630522089	0.8831994645247657	0.049531459170013385	VAJUNN	263.0
0.06682649086005395	0.8831285585855558	0.05004495055439017	VK0DHL	264.0
0.05992756009219625	0.8831083305893974	0.05696410931840632	VHEQGZ	265.0
0.0602655771195097	0.8828736806264896	0.05686074225400068	V16IAN	266.0
0.06533291653641764	0.8827758674585808	0.051891216005001566	VJQSL9	267.0
0.06299840510366826	0.8827751196172249	0.05422647527910686	V5KQYE	268.0
0.06561679790026247	0.8826771653543307	0.05170603674540682	VORG59	269.0
0.07168096920747097	0.8826350328117113	0.04568399798081777	VYZ4IW	270.0
0.04552715654952077	0.8825878594249201	0.07188498402555911	VZUFR8	271.0
0.062253743104806934	0.8825847123719465	0.055161544523246654	VREE6Z	272.0
0.06301467955603295	0.882563551736484	0.05442176870748299	V0X1YJ	273.0
0.06447298020331728	0.882557517388978	0.052969502407704656	V7P0DC	274.0
0.06026307739369838	0.8825328846742123	0.05720403793208932	V1DVG1	275.0
0.07239607659971976	0.8825315273236806	0.04507239607659972	VBMTCI	276.0
0.06327835745540222	0.8825311342982161	0.05419050824638169	V35QEW	277.0
0.06320907617504051	0.8824959481361426	0.05429497568881685	VYNR2D	278.0
0.05990265818045676	0.8824410333208537	0.05765630849868963	VY1Y1Y	279.0
0.07349149045899948	0.8824136152656008	0.04409489427539969	VNT34C	280.0
0.05973659454374412	0.882173095014111	0.058090310442144875	VFKD1E	281.0
0.06241331484049931	0.8821081830790569	0.05547850208044383	VWM3TF	282.0
0.0593607305936073	0.8820395738203958	0.05859969558599695	VAI1ZY	283.0
0.05898876404494382	0.8820224719101124	0.05898876404494382	VC1AJN	284.0
0.06406496729077374	0.8820212046018497	0.053913828107376494	VN1BRJ	285.0
0.05879967558799676	0.8819951338199513	0.059205190592051905	VU4OMZ	286.0
0.053759398496240604	0.8819548872180452	0.06428571428571428	VMTTQ3	287.0
0.06269230769230769	0.8819230769230769	0.055384615384615386	V5F9JY	288.0
0.06426032266885426	0.881870385561936	0.05386929176920974	VZ6Z5D	289.0
0.05425853869433636	0.8817552961521833	0.06398616515348032	VQHZJF	290.0
0.05154946364719905	0.8817044100119189	0.066746126340882	VS3DYK	291.0
0.06117520794204454	0.8816742688489402	0.05715052320901529	VV639H	292.0
0.06922810661128419	0.881619937694704	0.04915195569401177	V2GRUA	293.0
0.06308851224105462	0.8815913370998116	0.05532015065913371	VO8KEN	294.0
0.0661455201443175	0.8815393866506314	0.052315093205051115	VAH772	295.0
0.05998518884226117	0.8815107380893606	0.058504073068378175	V9DYXM	296.0
0.056990679094540614	0.881491344873502	0.06151797603195739	VH24V1	297.0
0.05942555298778475	0.8814790359854737	0.0590954110267415	V7BS70	298.0
0.055127810286418236	0.881429011395134	0.0634431783184478	VZ5D83	299.0
0.04892561983471074	0.8813223140495868	0.06975206611570248	V4388S	300.0
0.06865055981143194	0.8812610489098409	0.05008839127872716	VBMSY7	301.0
0.06765899864682003	0.8812584573748309	0.05108254397834912	VXKU72	302.0
0.057610241820768134	0.8812233285917497	0.06116642958748222	VEZ7YW	303.0
0.0698005698005698	0.8811965811965812	0.049002849002849	V6YM6N	304.0
0.06688084112149532	0.8811331775700935	0.051985981308411214	VJXJCN	305.0
0.061394380853277836	0.8810267082899758	0.05757891085674644	VNUYDW	306.0
0.06547619047619048	0.8809523809523809	0.05357142857142857	V7K3RV	307.0
0.058513750731421885	0.8809245172615565	0.06056173200702165	VV1U4T	308.0
0.053914102954614684	0.8809016143770941	0.0651842826682912	V124P8	309.0
0.06771948608137045	0.8808886509635975	0.05139186295503212	V0OK4P	310.0
0.06347717323327079	0.8808630393996247	0.05565978736710444	VMS7TR	311.0
0.049584408139868155	0.880768128403554	0.06964746345657781	VV9YAM	312.0
0.06027667984189723	0.880764163372859	0.058959156785243744	VT9BGT	313.0
0.057563159577870164	0.8807163415414135	0.06172049888071634	V8DUSF	314.0
0.056401297728974294	0.8807087596705765	0.06288994260044921	VQ1HHR	315.0
0.06488011283497884	0.8806770098730606	0.054442877291960505	VSM7HL	316.0
0.06732263076126359	0.880631796996375	0.05204557224236147	VJGNWG	317.0
0.08002406738868832	0.8805655836341757	0.03941034897713598	VM10DN	318.0
0.06282051282051282	0.8805128205128205	0.056666666666666664	VYT2M7	319.0
0.06633348477964561	0.8805088596092685	0.05315765561108587	VMDV2X	320.0
0.06721991701244813	0.8804979253112033	0.05228215767634855	VF735V	321.0
0.0718232044198895	0.880462079357107	0.047714716223003516	VREQ3J	322.0
0.0637765735723218	0.8803668195081283	0.055856606919549814	V22OST	323.0
0.054608999563128	0.8802970729576234	0.06509392747924858	VQA2Y4	324.0
0.062172976300400126	0.8802708525700216	0.05755617112957833	VK7N96	325.0
0.0697986577181208	0.880268456375839	0.04993288590604027	VNJOCX	326.0
0.059305280994069474	0.880259813611974	0.06043490539395651	V1H58G	327.0
0.06840277777777778	0.8802083333333334	0.05138888888888889	VPUMXF	328.0
0.056072591903210796	0.8801768264308981	0.0637505816658911	VLDIQY	329.0
0.06735086593970493	0.8800513149454778	0.05259781911481719	V8F1JC	330.0
0.06828581485392468	0.8799718409010912	0.05174234424498416	VI9JA0	331.0
0.06743238236383846	0.8799555390885513	0.05261207854761023	VJHFZW	332.0
0.07039644312708411	0.8799555390885513	0.04964801778436458	VTP6JE	333.0
0.06832767081917705	0.8799546998867497	0.05171762929407323	VBPRL4	334.0
0.06422786931024853	0.8799218095504049	0.05585032113934655	V9SV4C	335.0
0.05633100697906281	0.8798604187437687	0.06380857427716849	VQF7CE	336.0
0.05965012905075997	0.8798394034987095	0.06051046745053054	VHD2FK	337.0
0.07040158651462568	0.8797719385225583	0.049826474962816066	VKAE85	338.0
0.05937266616878267	0.8797610156833457	0.060866318147871544	VMNKO9	339.0
0.05129809196121364	0.8795746011886143	0.06912730685017203	VFJRMI	340.0
0.08608990670059373	0.8795589482612384	0.03435114503816794	V6SUUS	341.0
0.060405851816894764	0.8794242567248702	0.060169891458235016	VQB5FK	342.0
0.07114754098360655	0.879344262295082	0.04950819672131147	V18BEQ	343.0
0.06572595618269587	0.8793167471221686	0.054957296695135535	V5A626	344.0
0.06261788004526593	0.8792908336476801	0.058091286307053944	V0AID4	345.0
0.05204582651391162	0.8792144026186579	0.06873977086743044	VHY7T8	346.0
0.06447280053727333	0.8791134989926125	0.056413700470114174	VP3037	347.0
0.06801007556675064	0.8790931989924433	0.05289672544080604	VG2I1V	348.0
0.07647420147420148	0.878992628992629	0.044533169533169534	VB1IUF	349.0
0.07262996941896024	0.8789500509683996	0.04841997961264016	VJ3ILR	350.0
0.06844678450545318	0.8789018427980444	0.05265137269650245	VF436J	351.0
0.057242582897033156	0.8788830715532286	0.06387434554973823	VC1TRL	352.0
0.053256238587948874	0.8788800973828362	0.06786366402921486	VCQTGT	353.0
0.061312298314808174	0.8788096091789172	0.05987809250627465	VDOUU6	354.0
0.06733224982586487	0.8788019503134432	0.0538657998606919	VL2QXV	355.0
0.08337326305701964	0.8787733588883565	0.03785337805462386	V0BI0R	356.0
0.0583288117200217	0.8787303309820944	0.06294085729788389	VZR2LZ	357.0
0.058700834326579264	0.8787246722288439	0.06257449344457688	VESUJC	358.0
0.06634819532908705	0.8787154989384289	0.05493630573248408	V7IMXI	359.0
0.08606885508406725	0.8787029623698959	0.03522818254603683	VSIX5I	360.0
0.06502890173410404	0.8786127167630058	0.05635838150289017	VCL55A	361.0
0.07183098591549296	0.8785915492957747	0.049577464788732394	VC26MG	362.0
0.0677154582763338	0.8785909712722298	0.05369357045143639	V8R1TD	363.0
0.05937031484257871	0.8785607196401799	0.06206896551724138	VZCLH2	364.0
0.057116676847892484	0.8784361637141112	0.06444715943799634	VFXAS9	365.0
0.06830168776371308	0.8784282700421941	0.05327004219409283	VA6KWA	366.0
0.06847785634536659	0.8783029400818757	0.05321920357275772	VDJAJ1	367.0
0.06428571428571428	0.8782967032967033	0.057417582417582415	VC8LQO	368.0
0.06654867256637167	0.8782300884955753	0.0552212389380531	VUO1B2	369.0
0.06210976010515938	0.8780808412750575	0.059809398619783107	VXKYPO	370.0
0.06458880961321818	0.8779571911378145	0.05745399924896733	V6JQBG	371.0
0.059074499507712507	0.8779127010173942	0.06301279947489334	VAJ1MO	372.0
0.06180193596425912	0.877885331347729	0.06031273268801191	VK192D	373.0
0.06886553098948894	0.8778542950344328	0.05328017397607829	VCEVC7	374.0
0.05075862068965517	0.8777931034482759	0.07144827586206896	V3HR5H	375.0
0.05334512231063955	0.8776893604479812	0.06896551724137931	VCCWF0	376.0
0.05782596608284682	0.8776758409785933	0.0644981929385599	VKF5G4	377.0
0.06246773360867321	0.8776458440887971	0.059886422302529684	VYWBYK	378.0
0.0745152354570637	0.8775623268698061	0.047922437673130196	V16X45	379.0
0.0700570835495589	0.8775298391281785	0.05241307732226259	VDNKH2	380.0
0.06675116180819603	0.877482044782425	0.05576679340937896	V3V4R5	381.0
0.05860231902225008	0.8774678784080225	0.06392980256972736	VV3YV8	382.0
0.07818508074852602	0.8774673160728018	0.04434760317867213	V7B29S	383.0
0.06982942430703624	0.8773987206823027	0.05277185501066098	VPQ8OT	384.0
0.06789904017063633	0.8773551368645575	0.054745822964806255	V502CT	385.0
0.07324324324324324	0.8772972972972973	0.04945945945945946	VT2F0R	386.0
0.06560329302804219	0.8772832518651916	0.057113455106766145	VOY9J1	387.0
0.05398618957940992	0.8772755806654112	0.0687382297551789	V9I1IC	388.0
0.051537822111388194	0.8772513161540593	0.0712108617345525	VG1FTY	389.0
0.06295907660020986	0.8772298006295908	0.05981112277019937	VSAW55	390.0
0.060240963855421686	0.8772231784279977	0.06253585771658061	V1T1XL	391.0
0.06360201511335013	0.8772040302267002	0.05919395465994962	VISX5G	392.0
0.07270065869724324	0.8770431812637228	0.05025616003903391	VWXSYY	393.0
0.055423594615993665	0.8770124043283188	0.06756400105568752	VRKWFQ	394.0
0.06702317290552584	0.8770053475935828	0.055971479500891264	VJJAN3	395.0
0.07290969899665552	0.8769230769230769	0.05016722408026756	VFCKVV	396.0
0.053066550674206174	0.8769030013049152	0.07003044802087864	VER2J7	397.0
0.06483482556344551	0.8768138314294536	0.05835134300710096	VDWVK3	398.0
0.06543624161073826	0.87679769894535	0.05776605944391179	V3SIEJ	399.0
0.057751540041067764	0.8767967145790554	0.0654517453798768	V9U6M4	400.0
0.07832219747587231	0.8767631774313289	0.04491462509279881	VVHM1U	401.0
0.05653710247349823	0.8766463218760039	0.06681657565049791	VR8W6G	402.0
0.0660377358490566	0.8765723270440252	0.05738993710691824	VISPPX	403.0
0.08061094611794654	0.876537971998303	0.04285108188375053	VYH78A	404.0
0.06746548580359468	0.8765303464443865	0.05600416775201875	VWGBH0	405.0
0.07865786578657866	0.8765126512651266	0.04482948294829483	VWRSLA	406.0
0.0664021164021164	0.8764550264550265	0.05714285714285714	VKS2ZE	407.0
0.06588319088319089	0.8764245014245015	0.057692307692307696	VABJ51	408.0
0.07129094412331406	0.876410679878888	0.05229837599779796	V5Y6CN	409.0
0.07477025898078529	0.8763575605680869	0.04887218045112782	VFV8VW	410.0
0.05321683876092136	0.8763568970082076	0.07042626423087106	VHMW9P	411.0
0.08214440121054907	0.8763510592304367	0.041504539559014265	V03HFT	412.0
0.07771394012700332	0.8763229513153916	0.04596310855760508	VYBWF5	413.0
0.07542579075425791	0.8763179237631792	0.048256285482562854	VW5BRB	414.0
0.05472263868065967	0.876311844077961	0.06896551724137931	V9UYJ4	415.0
0.06271626297577855	0.8762975778546713	0.06098615916955017	V0O0SI	416.0
0.06102966246164337	0.876235935901807	0.06273440163654961	VB5CDS	417.0
0.06364579730197163	0.87616741611899	0.06018678657903839	VW6TX4	418.0
0.05639513453741246	0.8761518614080354	0.06745300405455215	V45N04	419.0
0.05547882136279926	0.8761510128913443	0.06837016574585636	VD41WX	420.0
0.06746874262797829	0.8761500353857041	0.05638122198631753	VOQVKL	421.0
0.04454944313196085	0.8761390482618967	0.07931150860614242	VQTF8B	422.0
0.06998738965952081	0.8761034047919294	0.05390920554854981	VE0WMY	423.0
0.07281964436917866	0.8760937058989556	0.05108664973186565	VZK77E	424.0
0.05539358600583091	0.8760932944606414	0.06851311953352769	VKHT3H	425.0
0.06418631070718546	0.8758875319511502	0.0599261573416643	VOAQZY	426.0
0.07272242940863079	0.8758657432072456	0.0514118273841236	V1WQ4B	427.0
0.06238475722188076	0.8758451137062078	0.06177012907191149	VRTGRX	428.0
0.06324520476931052	0.8758424053913945	0.06091238983929497	V1QE01	429.0
0.08368837492391966	0.8758368837492392	0.040474741326841146	VIYDGY	430.0
0.05905319668130796	0.8757930697901415	0.06515373352855051	VQI6N0	431.0
0.045454545454545456	0.8756598240469208	0.07888563049853373	VCK1IX	432.0
0.07018370230805464	0.8756476683937824	0.054168629298162976	VQXLHZ	433.0
0.05326268823201338	0.875627440044618	0.07110987172336866	V3B9IM	434.0
0.07446342531756461	0.8756022777047744	0.04993429697766097	V944TO	435.0
0.05819295558958652	0.8755742725880551	0.06623277182235834	VYWGO6	436.0
0.06240713224368499	0.87555720653789	0.062035661218424965	VIBDV2	437.0
0.07444907683144729	0.8755211435378202	0.05002977963073258	V00H9L	438.0
0.06111670020120724	0.8755030181086519	0.06338028169014084	VMAX9W	439.0
0.07279693486590039	0.8754789272030651	0.05172413793103448	VE81X7	440.0
0.06732158335741115	0.875469517480497	0.05720889916209188	VS39X9	441.0
0.07423269093504639	0.8754461099214846	0.05032119914346895	V68KXR	442.0
0.06336633663366337	0.8752475247524752	0.061386138613861385	VVH18D	443.0
0.06052009456264775	0.875177304964539	0.06430260047281323	VC0JIV	444.0
0.07176656151419558	0.8751314405888538	0.05310199789695058	VWZL8M	445.0
0.05406312961719275	0.8750839489590329	0.07085292142377435	VFR59D	446.0
0.06264126574103972	0.8750403616402971	0.06231837261866322	VSSY8Y	447.0
0.06610275689223058	0.875	0.05889724310776942	VDNPG3	448.0
0.07654590029964588	0.874965949332607	0.04848815036774721	VDZP45	449.0
0.05800214822771214	0.8748657357679914	0.06713211600429646	VH9C80	450.0
0.07114735658042745	0.874859392575928	0.05399325084364454	V61VLS	451.0
0.08181818181818182	0.8747933884297521	0.04338842975206612	VMIPDW	452.0
0.05638790520294198	0.8746935439934622	0.06891855080359575	VFPGHQ	453.0
0.07155529272619751	0.8746303962152573	0.05381431105854524	VT1CWP	454.0
0.07885554780181438	0.8746220051174691	0.04652244708071645	VA3FYE	455.0
0.08015380065069506	0.8745933155871044	0.04525288376220053	V7OWGM	456.0
0.08082026537997587	0.8745476477683957	0.04463208685162847	VOMLT7	457.0
0.07277289836888332	0.8745294855708908	0.05269761606022585	VGZ2XW	458.0
0.05995475113122172	0.8744343891402715	0.06561085972850679	V8RHG3	459.0
0.06642424242424243	0.8744242424242424	0.05915151515151515	V5QHW0	460.0
0.06698216235893702	0.874408445576993	0.05860939206406989	V8L57V	461.0
0.06095736724008975	0.8743455497382199	0.06469708302169035	VY31L5	462.0
0.07028571428571428	0.8742857142857143	0.05542857142857143	VR69X6	463.0
0.07700366684127816	0.8742797276060765	0.04871660555264536	VTWLDB	464.0
0.06811594202898551	0.8742028985507246	0.057681159420289854	VC7AA1	465.0
0.060196560196560195	0.8742014742014742	0.0656019656019656	V2O859	466.0
0.07010135135135136	0.8741554054054054	0.05574324324324324	VKF7RR	467.0
0.06623769871309614	0.8739591218773657	0.05980317940953823	VTZW8F	468.0
0.06476030277544155	0.8738435660218671	0.061396131202691336	V2PGYS	469.0
0.058519324986390855	0.8737071311921611	0.06777354382144801	V9RXC6	470.0
0.057180851063829786	0.8736702127659575	0.06914893617021277	VR00V4	471.0
0.08094928478543563	0.8735370611183355	0.045513654096228866	VA1SJX	472.0
0.06692160611854685	0.8734862970044615	0.05959209687699171	VDK15L	473.0
0.0638066793374966	0.8734727124626663	0.06272060819983709	V46NG6	474.0
0.05305947796320069	0.87334189131365	0.07359863072314933	VI9O15	475.0
0.06676290147961025	0.8733309274630098	0.059906171057380005	VCUZGG	476.0
0.07500662602703419	0.8733103631062815	0.05168301086668434	VDD3EK	477.0
0.04971264367816092	0.8732758620689656	0.07701149425287357	VJZ9UB	478.0
0.062467464862051014	0.8732431025507548	0.06428943258719418	VHOSFY	479.0
0.06572769953051644	0.8732394366197183	0.06103286384976526	V6LGKV	480.0
0.06494611457742484	0.8732274532047646	0.06182643221781055	VHY3KN	481.0
0.061015253813453366	0.873218304576144	0.0657664416104026	V5PHPV	482.0
0.06746732603320381	0.8731896856234546	0.05934298834334158	VGVFGP	483.0
0.05662936588674127	0.8731773482536453	0.07019328585961343	VA8XPB	484.0
0.0724835886214442	0.8730853391684902	0.05443107221006564	VU4UJ1	485.0
0.06809620399884092	0.8730802665893944	0.058823529411764705	VI9BD1	486.0
0.061706524948331856	0.8730439917330971	0.065249483318571	VHJNNV	487.0
0.04259927797833935	0.8729241877256317	0.08447653429602887	VIAJFJ	488.0
0.04823239243628391	0.8728418744861606	0.07892573307755549	V9QT74	489.0
0.049326145552560645	0.8727762803234501	0.07789757412398922	VPZUUX	490.0
0.07261410788381743	0.8727524204702628	0.05463347164591978	VEZWOK	491.0
0.058162971494385256	0.8727325079182263	0.06910452058738842	VMFSOR	492.0
0.06959459459459459	0.8726351351351351	0.05777027027027027	VH1QJ7	493.0
0.05958264689730917	0.8725974739154311	0.06781987918725975	V2VUHI	494.0
0.06089414182939363	0.8725590955806783	0.06654676258992806	V5M6T7	495.0
0.06292860024203308	0.872529245663574	0.0645421540943929	VP8PV0	496.0
0.07483422797600253	0.8724344805809915	0.052731291443006	VPLEJL	497.0
0.060209424083769635	0.8723094822571262	0.06748109365910412	VY1744	498.0
0.0673469387755102	0.8722448979591837	0.060408163265306125	VLC38X	499.0
0.06112144565506245	0.872176454956152	0.06670209938878555	VGWZRG	500.0
0.07627829002514669	0.8721709974853311	0.05155071248952221	VGNNE2	501.0
0.07348993288590604	0.8721476510067114	0.05436241610738255	VKC8SA	502.0
0.07939393939393939	0.8721212121212121	0.048484848484848485	VDOEDJ	503.0
0.06432532347504621	0.8720887245841035	0.06358595194085027	VCGAL2	504.0
0.07080035180299032	0.8720316622691293	0.05716798592788039	VKVJGH	505.0
0.07307692307692308	0.872027972027972	0.05489510489510489	VR54L3	506.0
0.07168894289185905	0.8720129607128392	0.05629809639530174	VYHR28	507.0
0.06611957796014067	0.8719812426729191	0.06189917936694021	VDFAIC	508.0
0.06867406233491812	0.8718964606444797	0.059429477020602216	V51OWV	509.0
0.06420927467300833	0.8718787158145065	0.06391200951248514	V3IB73	510.0
0.08249232119350593	0.8718736287845547	0.045634050021939446	VQBMPT	511.0
0.07282913165266107	0.8718487394957983	0.055322128851540614	V3TLP0	512.0
0.0831758034026465	0.8718336483931947	0.04499054820415879	VXAIBG	513.0
0.06649427410417437	0.8718138160325083	0.061691909863317324	V9HGKF	514.0
0.06397583745194947	0.871773750686436	0.0642504118616145	VJFLVZ	515.0
0.07112824106517168	0.8717589348283111	0.05711282410651717	VKUB0K	516.0
0.06240822320117474	0.8717572197748409	0.06583455702398433	VL63BJ	517.0
0.06575	0.87175	0.0625	VICXYT	518.0
0.05536757920639803	0.8717317748385113	0.07290064595509074	VEWEUC	519.0
0.07361111111111111	0.8716666666666667	0.05472222222222222	V349J9	520.0
0.0674026728646136	0.8715862870424173	0.061011040092969204	VSXHDG	521.0
0.05846829536096624	0.8715344496294263	0.06999725500960746	VDSZV8	522.0
0.07059736229635376	0.8714765968450996	0.057926040858546676	VYHIBD	523.0
0.041448058761804824	0.8714585519412382	0.08709338929695698	VYAXOA	524.0
0.06347920043219882	0.8714208535926526	0.06509994597514857	V6SF50	525.0
0.06812375816065853	0.871416406471757	0.060459835367584445	VXOAVV	526.0
0.057070240295748614	0.8713031423290203	0.07162661737523106	V6LSYW	527.0
0.05607205113306217	0.8712957582800698	0.0726321905868681	VZ8AXD	528.0
0.058041504539559016	0.8712710765239948	0.07068741893644617	VCIDEN	529.0
0.07430516165626773	0.871242200794101	0.05445263754963131	VAR95B	530.0
0.05911202891068663	0.8711925658234383	0.06969540526587506	VOGJHG	531.0
0.07360861759425494	0.8711849192100538	0.055206463195691204	VF8NER	532.0
0.07777777777777778	0.8711711711711712	0.05105105105105105	VFBW1M	533.0
0.07588357588357589	0.8711018711018711	0.05301455301455302	VF9LPS	534.0
0.060791015625	0.87109375	0.068115234375	VND2S0	535.0
0.058241447554424654	0.8710771840542832	0.07068136839129205	V6XH8G	536.0
0.059378468368479466	0.8709766925638179	0.06964483906770255	VAT1DQ	537.0
0.08451290591174021	0.8709408825978351	0.04454621149042465	V8BF42	538.0
0.07458563535911603	0.870779619398404	0.05463474524248005	V6DO26	539.0
0.06544754571703561	0.8707090150786012	0.06384343920436317	VRQ166	540.0
0.08123924268502582	0.8705679862306368	0.04819277108433735	VH96UL	541.0
0.074009900990099	0.8705445544554455	0.055445544554455446	VY25ST	542.0
0.06983511154219205	0.8705140640155189	0.05965082444228904	VPL82X	543.0
0.07006369426751592	0.8704883227176221	0.059447983014861996	VBW53L	544.0
0.08770826784030179	0.8704809808236403	0.04181075133605784	VWM3TQ	545.0
0.08527589259368545	0.8704632634995574	0.04426084390675716	VHH8EK	546.0
0.0893238434163701	0.8704626334519573	0.0402135231316726	VC9XZ6	547.0
0.06514414077124672	0.8704605016847623	0.06439535754399102	VR8E19	548.0
0.06576980568011959	0.8704534130543099	0.0637767812655705	VLB6XN	549.0
0.07066528783178215	0.8703895208548776	0.05894519131334023	VDCJGC	550.0
0.07219174126479931	0.8703436326884204	0.05746462604678025	V0O2SL	551.0
0.0665068903535051	0.8702816057519472	0.06321150389454763	VM0X77	552.0
0.07231576041954181	0.8702732542092189	0.05741098537123931	V05N83	553.0
0.057232457859662876	0.8702469619756958	0.07252058016464132	VGCQOM	554.0
0.05842349304482226	0.8701700154559505	0.0714064914992272	VAZ8B6	555.0
0.0691079295154185	0.8700440528634361	0.060848017621145375	VS9O25	556.0
